0.774269
0.775312
0.208921
0.846998
0.252860
0.777344
0.365703
0.975922
0.651730
0.273697
0.394602
0.831932
0.509098
0.042319
0.883985
0.087400
0.412789
0.249275
0.788656
0.889889
0.768984
0.661246
0.256282
0.162170
0.396442
0.504152
0.182523
0.842850
0.762609
0.813384
0.487502
0.963228
0.337754
0.874816
0.237259
0.986977
0.996332
0.865219
0.979602
0.585246
0.812567
0.848991
0.458472
0.917717
0.517101
0.442678
0.940895
0.146096
0.863237
0.327677
0.768288
0.170371
0.890783
0.045445
0.972846
0.501259
0.612987
0.857155
0.836464
0.539010
0.851710
0.084934
0.338064
0.457060
0.185172
0.368547
0.912177
0.000378
0.208847
0.347612
0.044004
0.088290
0.727874
0.269751
0.524020
0.724496
0.134622
0.859178
0.540548
0.825208
0.678857
0.614265
0.908273
0.175759
0.265173
0.476011
0.476798
0.248099
0.650477
0.406330
0.161706
0.645431
0.167100
0.293418
0.180106
0.860628
0.264325
0.902349
0.046574
0.143547
0.867505
0.679708
0.261387
0.382375
0.510707
0.517885
0.955711
0.898425
0.816139
0.895332
0.501417
0.350295
0.865239
0.840608
0.948664
0.126896
0.729872
0.609538
0.619852
0.255435
0.943261
0.264272
0.558269
0.398433
0.358443
0.925819
0.812848
0.476175
0.835518
0.017498
0.154197
0.804209
0.392769
0.068404
0.558329
0.098289
0.946356
0.818289
0.379437
0.079082
0.026239
0.129548
0.511370
0.611021
0.078408
0.276304
0.574293
0.236893
0.446673
0.051060
0.446421
0.927246
0.083284
0.898622
0.926428
0.394845
0.869849
0.472903
0.847776
0.752288
0.340056
0.626722
0.430485
0.542922
0.649150
0.027483
0.005443
0.732433
0.689049
0.608956
0.678438
0.552222
0.622745
0.547350
0.766688
0.857243
0.442052
0.321957
0.470809
0.603174
0.523618
0.121185
0.938841
0.816516
0.610956
0.855916
0.432252
0.341629
0.955218
0.934297
0.150687
0.041228
0.655610
0.005460
0.672193
0.516200
0.751405
0.257951
0.959177
0.620587
0.565576
0.105561
0.775044
0.961306
0.379738
0.610209
0.512049
0.205416
0.626616
0.833112
0.441563
0.741255
0.026297
0.957672
0.472525
0.638929
0.404676
0.296052
0.538432
0.702611
0.273170
0.125130
0.302987
0.870821
0.873255
0.148501
0.783748
0.999581
0.937957
0.714472
0.371591
0.501514
0.381232
0.965254
0.073858
0.820332
0.196844
0.872914
0.219051
0.959551
0.523098
0.430849
0.995288
0.167927
0.439280
0.908644
0.790750
0.283182
0.361520
0.394223
0.623085
0.161486
0.998315
0.795694
0.359526
0.143038
0.725255
0.064160
0.755267
0.909806
0.120698
0.431074
0.483312
0.782177
0.595879
0.006763
0.577677
0.286598
0.336586
0.772865
0.559239
0.114081
0.713110
0.591828
0.819877
0.702914
0.685112
0.118974
0.320921
0.910218
0.802417
0.314926
0.050212
0.837393
0.181292
0.558520
0.635390
0.345351
0.371966
0.869862
0.354232
0.995451
0.544028
0.622552
0.636021
0.772378
0.908491
0.709568
0.809138
0.675962
